678,604,807,604,807,636,678,636 
937,223,989,223,989,255,937,255 
1052,351,1154,351,1154,383,1052,383 
80,640,128,640,128,672,80,672 
146,556,275,556,275,588,146,588 
972,227,1024,227,1024,259,972,259 
262,256,364,256,364,288,262,288 
23,266,71,266,71,298,23,298 
841,682,970,682,970,714,841,714,9953028414_20270.jpg 
862,443,914,443,914,475,862,475,M s E_3876.jpg 
365,442,467,442,467,474,365,474,、 ｪ 虎 ナ ＄_6029.jpg 
125,223,173,223,173,255,125,255,ｹQ ﾈﾙ_19054.jpg 
1014,453,1143,453,1143,485,1014,485,9953028414_20270.jpg 
917,194,969,194,969,226,917,226,M s E_3876.jpg 
742,417,844,417,844,449,742,449,、 ｪ 虎 ナ ＄_6029.jpg 
1161,23,1209,23,1209,55,1161,55,ｹQ ﾈﾙ_19054.jpg 
55,390,184,390,184,422,55,422,9953028414 
450,44,502,44,502,76,450,76,M s E 
462,651,564,651,564,683,462,683,、 ｪ 虎 ナ ＄ 
964,430,1012,430,1012,462,964,462,ｹQ ﾈﾙ 
859,579,988,579,988,611,859,611,9953028414 
1041,171,1093,171,1093,203,1041,203,M s E 
1172,585,1274,585,1274,617,1172,617,、 ｪ 虎 ナ ＄ 
506,394,554,394,554,426,506,426,ｹQ ﾈﾙ 
